200 200 100
79 119 44
156 138 21
158 71 45
143 107 9
23 31 73
83 157 50
113 196 17
14 54 59
131 129 52
19 102 2
91 142 1
124 185 21
64 101 93
177 131 52
172 56 50
109 191 54
177 128 61
44 123 66
176 168 82
154 91 29
178 101 25
99 151 12
99 173 24
59 6 68
161 162 83
184 171 16
93 98 22
146 169 33
171 149 81
13 200 47
62 19 72
152 19 42
34 179 63
138 49 95
40 157 99
148 49 2
189 94 43
17 10 12
58 76 5
27 13 26
8 155 70
65 142 71
81 59 15
39 178 46
20 190 72
173 62 1
52 48 1
168 145 10
191 173 53
16 191 89
70 197 34
170 166 10
76 7 46
66 59 14
143 41 86
161 166 11
90 134 94
116 112 67
123 122 60
126 177 78
193 96 40
67 169 35
186 186 79
195 159 4
149 103 40
75 91 2
117 164 45
18 18 45
53 21 13
14 130 34
143 43 94
26 124 44
177 75 62
63 2 80
138 34 11
117 200 4
110 148 75
88 109 13
82 149 29
163 170 52
6 108 67
184 139 46
74 187 49
48 61 70
48 57 7
49 28 50
165 106 58
155 66 89
137 123 90
72 145 79
40 81 3
52 52 70
47 144 3
113 193 74
103 60 8
191 194 48
41 156 64
95 66 4
139 35 40
149 9 1
