1000 1000  1
786 191 424844
60 22 53936
461 969 477926
998 421 621059
626 563 811247
993 214 50427
605 238 743851
271 86 746830
174 213 947525
950 853 409591
118 550 613545
679 509 645571
158 149 212367
344 447 789995
227 880 70961
631 64 938563
262 423 872157
743 444 670298
178 917 439764
569 261 37627
344 798 857414
389 902 22716
574 898 352684
407 505 384712
732 935 53144
108 806 143534
821 790 543871
487 862 576373
796 694 270951
369 233 758050
168 743 853093
2 326 282780
191 568 853433
695 330 941602
183 815 261444
127 687 704094
238 807 42503
88 236 390488
202 789 198734
872 617 573565
178 450 718151
857 92 298663
842 229 922993
2 758 132949
113 220 69700
960 715 327968
463 414 482257
857 403 405147
990 206 651796
467 480 808662
592 106 877988
416 393 513342
645 512 659478
843 44 273723
252 799 54410
686 449 17774
930 744 177907
504 767 785665
998 886 659063
9 438 532119
298 849 838422
303 644 662663
389 897 111119
475 179 178456
23 188 894669
602 500 898539
890 523 783874
407 882 838908
661 928 673148
539 399 677076
998 631 75094
578 140 368596
596 101 168216
482 339 51119
629 588 885893
762 643 462667
487 3 423904
215 401 817943
197 526 851643
513 206 690247
589 748 454867
438 545 753086
755 594 841187
908 154 650314
874 633 689038
464 11 88356
557 240 539925
193 170 528260
495 859 277140
655 936 908408
800 118 519874
53 719 423724
961 244 465703
871 409 506366
703 976 141098
571 349 552444
923 612 548051
850 131 378117
657 188 949566
523 622 2730
943 993 433611
246 824 15482
350 759 475611
971 9 994638
75 326 71078
432 887 101884
970 722 892020
735 355 142481
215 915 946918
904 619 523023
185 848 796311
582 170 281519
111 171 264271
262 790 247305
596 196 329743
80 793 887338
616 97 824637
423 992 593456
637 797 478729
355 451 496877
87 899 602928
59 562 76891
232 142 843595
832 193 787135
711 902 629736
117 907 932775
335 486 273976
932 649 863792
144 583 750349
389 44 49083
84 993 665351
199 662 100268
375 841 771297
533 745 388776
603 703 790306
443 66 20274
152 723 196182
182 132 510111
56 773 387365
35 678 510105
521 833 397979
347 12 879355
563 722 180023
805 93 715406
704 946 212553
782 606 896552
749 227 625153
455 387 925986
861 408 874992
927 142 928734
956 493 249182
640 700 843846
961 511 121550
17 411 898074
113 123 106681
833 732 124300
510 129 359734
312 899 204766
277 935 288244
362 207 799999
957 476 105342
490 571 290509
619 584 635198
790 35 43981
763 941 373175
231 952 424686
758 468 537213
769 897 893283
243 697 170429
655 481 235544
54 332 333524
949 282 645014
572 110 785569
567 709 45314
483 922 41252
960 695 318804
174 463 55199
15 725 483104
935 376 953899
274 184 275519
160 979 75636
447 262 762548
7 90 386741
277 482 767745
354 311 725076
65 685 136404
326 617 165579
390 563 871673
77 135 864627
124 847 368253
717 34 840697
155 199 855983
968 157 451106
600 544 323940
958 110 373402
473 286 879407
504 699 880347
522 858 734123
135 351 407258
900 614 222855
468 322 338151
88 93 157565
631 523 614339
334 450 918831
248 265 416240
136 451 762978
947 241 976300
948 337 269731
119 36 515244
745 126 430770
620 723 148836
507 244 880811
383 935 458714
240 761 850602
754 885 26712
196 724 652976
160 473 948476
836 72 730557
974 716 732571
268 862 26212
892 863 527885
708 890 387979
668 897 986763
224 256 334645
37 215 330184
316 419 693409
740 751 383215
824 160 800303
969 333 258181
186 17 270549
276 460 453777
623 654 125545
44 451 426673
330 605 713465
836 628 534693
212 880 324727
417 740 212411
311 706 188074
899 133 152115
317 27 630237
78 667 618874
836 415 164834
329 122 654452
914 414 119734
289 878 296890
383 41 625835
895 667 429442
767 160 780353
164 189 926288
385 941 658950
700 922 44106
964 741 278641
775 565 152101
716 861 389183
386 133 883948
595 40 3115
982 223 501344
473 369 930408
787 668 284896
96 85 553305
965 802 522792
196 337 516533
838 161 873572
427 603 340858
829 313 88025
538 424 690018
221 417 583673
677 731 721498
148 503 808662
573 157 517724
203 730 803677
555 600 110599
462 952 503935
947 94 547926
946 350 811284
126 69 535289
761 539 602295
550 518 665940
901 654 368647
715 791 14597
29 443 223909
43 350 134091
41 482 502789
616 702 85688
404 60 249172
943 457 523767
768 71 974419
752 976 758593
895 103 494699
556 6 792478
41 900 435490
23 904 565112
438 309 196492
609 717 255063
627 558 37763
876 727 189261
875 834 746445
42 556 30072
746 502 869409
769 677 676456
435 462 125678
48 344 787553
885 999 582063
911 225 754133
632 673 531071
195 49 218633
989 895 331039
861 464 371378
46 350 944839
932 426 385464
384 634 963299
830 802 404930
123 923 806235
793 986 620045
586 391 175237
161 453 307506
223 389 464128
519 526 645181
157 734 332782
46 780 229570
246 711 779825
402 784 816118
316 630 992321
282 593 59127
310 639 207111
434 66 318103
780 681 450276
817 612 864575
608 867 263876
372 463 933304
276 93 507265
222 373 298594
775 313 711739
922 105 463454
403 714 361117
103 413 257558
77 156 637842
534 55 735395
225 802 936513
215 57 181761
602 3 773019
453 363 60533
947 499 936670
134 368 695111
162 220 511720
128 283 464886
838 834 687638
581 99 873735
198 638 668373
374 185 789201
324 381 23495
611 130 524257
664 744 761580
359 394 526608
550 651 102071
693 404 853061
597 381 31067
964 646 721419
185 569 625544
327 743 387072
235 429 341293
328 882 120186
580 834 480827
184 669 197488
589 441 280541
624 498 223560
35 968 207297
733 653 833923
449 482 279140
221 457 204198
393 526 976696
291 31 459412
378 824 811572
20 743 741752
757 774 842497
240 119 495633
337 182 683430
46 793 47017
419 957 756948
60 897 334932
693 592 732723
58 14 404156
543 20 443271
531 259 8497
196 425 223386
599 267 562698
382 603 27854
330 277 394445
649 273 99004
3 571 789523
867 7 367808
323 448 78633
494 112 283485
198 448 350343
701 624 94836
463 665 482762
292 263 905609
630 938 321122
121 306 86847
870 10 852018
480 397 240509
304 3 312057
382 981 897735
657 307 313732
409 61 511492
560 278 803404
553 908 883856
881 655 612727
384 995 479485
913 947 296853
301 55 435649
10 783 661938
688 650 375971
199 213 694253
334 895 197676
1000 542 433569
20 256 680051
538 731 618138
618 139 334137
264 629 915373
121 79 518898
240 911 252
211 201 563843
100 979 223194
414 430 919635
628 725 203242
716 126 484728
93 710 931393
775 642 153101
985 841 603039
41 409 242188
805 968 583731
799 455 539674
835 667 79351
153 408 190335
463 109 877127
266 776 218742
503 471 553294
914 406 97555
615 435 416195
456 97 749413
367 72 930577
425 591 586127
776 925 242250
265 711 870941
822 352 747744
425 40 301583
999 788 3903
92 332 97425
925 869 440671
891 555 696291
298 33 197559
297 732 888294
96 460 819373
37 688 103624
204 708 53790
912 739 350493
245 250 896342
199 129 254660
404 113 788948
943 644 538182
329 633 577747
439 927 778680
207 50 378964
393 777 910906
414 767 150556
393 626 427755
237 141 40643
548 99 648577
466 871 185335
369 254 706636
397 613 405433
453 545 307159
990 456 874696
217 742 208555
625 429 373918
352 92 534919
340 197 223620
108 639 850180
510 659 303908
566 784 102762
325 474 691464
343 680 747028
241 214 94596
135 167 859015
933 45 935315
293 967 336959
677 438 210597
260 652 791866
539 367 100799
391 904 535920
715 413 261260
657 626 659337
673 977 440678
813 313 743530
840 749 175947
113 86 990439
368 799 244115
488 402 118910
582 539 396986
259 810 12842
797 897 83609
482 621 105874
734 603 352794
885 250 274282
57 824 657520
853 778 261741
780 383 654939
398 731 95223
954 798 348775
894 341 161785
228 993 897689
458 209 666846
565 19 129054
415 244 560432
372 118 705811
589 812 473773
627 667 878172
932 497 711031
851 283 985868
269 847 677005
950 76 579182
368 240 330165
376 447 245544
919 755 661057
377 562 443691
572 176 715421
988 625 252070
349 445 738211
846 667 662119
942 766 804342
999 537 759510
226 100 863908
416 814 818729
890 798 538910
362 589 516992
95 924 784882
991 663 418442
687 499 372875
718 441 48086
704 613 191721
215 536 856859
601 871 539141
188 149 613416
527 364 556213
542 795 411916
897 775 494950
708 276 182284
460 447 17429
283 696 537849
841 551 594796
560 283 825446
964 265 15284
955 569 918795
29 132 696946
728 935 331945
611 561 168525
765 676 747630
341 444 855617
485 613 935592
737 180 945608
192 749 994055
453 346 24441
905 520 574865
116 165 883361
927 684 888702
459 786 266115
934 18 846660
59 182 289848
808 491 849025
412 69 402496
674 377 606933
262 282 47804
27 946 357377
156 728 558097
666 333 178351
636 64 178975
829 731 863558
566 707 984197
55 583 865049
597 663 194149
882 22 973794
765 575 593648
422 78 424769
795 933 712813
339 324 276062
714 316 73044
18 668 61605
870 239 885864
660 207 168261
808 21 510460
858 619 95629
501 869 422083
63 513 981459
512 834 133469
432 234 799649
121 100 791043
970 72 490933
593 360 196808
92 679 848817
755 324 233666
632 614 24713
88 925 314961
691 751 869894
384 867 851641
219 289 790189
358 826 252758
641 652 515291
23 579 218389
379 706 107501
932 398 835151
478 980 338779
731 944 531585
137 403 605481
444 398 100359
310 565 283222
8 365 907067
140 85 376710
284 108 938531
487 567 461047
11 760 556624
994 989 37027
257 919 51249
542 292 816115
869 767 501589
275 666 196173
546 295 434198
443 335 608461
853 649 319036
722 783 329169
655 870 675307
447 628 234901
277 75 303278
168 223 676248
391 451 861163
88 250 650845
257 60 243568
449 171 78650
184 504 201904
744 173 453113
356 792 285115
269 141 933658
523 346 253647
108 880 709720
750 253 247953
287 807 583841
987 765 429983
665 853 413096
276 999 778430
685 552 554139
284 441 376181
814 586 718153
841 349 658793
813 905 580339
593 918 442252
245 206 326220
390 365 256666
827 222 221404
771 255 996983
557 803 313710
215 114 653952
180 280 43289
784 489 346979
272 628 146352
675 726 358482
775 657 430017
937 759 995375
221 600 646032
772 181 493229
723 761 57976
782 519 591186
527 403 717156
767 434 217811
556 813 549028
231 583 149563
481 785 427389
761 571 300226
227 946 741134
362 54 576487
740 989 937923
864 917 224128
587 518 870689
207 461 640176
538 384 527995
118 59 333780
40 533 858729
910 724 928401
9 804 194856
425 75 656792
688 519 137541
345 311 473467
587 228 171765
21 106 130549
131 956 441438
219 80 897437
312 100 711746
839 910 457770
158 103 535928
818 839 601370
581 852 539575
978 445 173766
85 704 771556
614 692 298932
509 543 122411
425 738 538725
6 279 993578
334 281 523060
386 899 62496
381 921 578437
569 660 858303
278 837 378528
506 946 587229
486 574 707146
641 87 472544
10 842 826424
446 662 821003
794 985 346922
974 809 999420
343 305 294123
808 473 892558
56 775 118226
126 658 582865
511 117 31027
63 876 213893
520 407 574133
814 132 833211
802 131 509794
813 562 238746
140 733 808848
731 569 977272
619 298 157432
774 427 225779
715 52 438056
165 224 53569
114 359 630073
433 384 845630
599 656 636649
435 50 271961
683 947 422333
536 616 689697
905 118 827066
677 156 929198
622 339 565046
540 779 894988
486 936 387797
284 831 37457
804 429 654965
838 434 722370
130 441 981170
613 193 242708
39 302 760240
164 78 581959
282 505 343945
411 416 583757
214 480 221509
860 278 418350
776 493 262752
653 94 613936
19 714 712546
794 745 584799
335 761 696880
988 359 354358
286 770 72225
316 990 519717
61 339 182565
425 83 611011
3 699 766153
600 687 176016
390 51 718971
954 844 653226
1000 399 20452
579 939 298763
696 350 983687
983 989 336737
603 162 785365
434 892 237357
506 301 527161
679 219 997694
313 106 314436
13 877 706368
327 362 230746
422 177 350708
419 701 904
263 18 22624
933 1 279506
594 577 346421
891 452 156947
343 984 425616
764 723 68245
867 894 664594
712 952 418738
826 636 886306
362 637 36949
975 239 333638
112 855 85722
990 54 887476
319 298 374370
300 428 372929
214 595 435407
350 530 816684
172 785 853128
386 652 932764
229 945 518921
339 406 621081
762 343 274086
954 267 652776
265 657 277107
268 271 60348
246 393 126274
403 737 811608
57 998 485390
335 98 916996
869 444 428085
279 159 973824
117 472 334341
65 332 742577
66 466 998282
942 243 919167
617 165 632701
843 735 178394
954 16 321931
118 720 846655
105 401 11398
274 105 952411
887 892 231901
814 249 631358
183 68 518645
87 67 756779
614 666 636343
548 315 463461
455 604 688487
980 612 338868
111 812 522094
724 867 240884
602 323 424429
386 1 542074
253 11 613699
484 793 253065
851 276 654148
315 594 954968
339 44 973815
54 112 96004
441 35 987062
175 122 762778
702 888 79407
196 165 115041
166 565 931865
904 241 129539
747 722 460209
602 191 976098
501 33 879725
814 396 693656
934 77 614182
663 942 388184
727 696 263437
197 867 414783
831 528 123894
491 345 104644
206 972 640493
836 894 238442
134 298 667096
18 945 201723
6 131 194863
104 903 812852
584 863 565761
959 154 820212
970 673 407241
832 806 762618
299 284 536885
224 187 502968
73 970 482101
142 687 12273
237 229 535716
981 665 336009
304 721 239127
59 864 188484
786 255 345504
519 431 450656
366 29 749746
268 932 994976
599 7 673770
100 302 50608
770 814 783462
905 899 294387
117 233 489225
837 140 197720
747 198 102102
343 457 213111
534 871 255841
210 24 258708
690 960 138383
707 939 106131
214 198 379588
348 139 129781
269 452 844962
104 999 895912
398 30 766599
627 255 116697
666 521 508898
677 268 691296
110 495 194163
583 290 524008
469 929 95796
133 98 392885
553 307 599492
792 713 540279
304 956 34216
632 808 542713
371 255 994415
547 817 428914
1000 259 253954
399 687 145267
610 383 204499
387 447 714447
983 19 436148
399 48 917090
51 706 384701
963 361 543019
569 369 194699
716 704 91336
111 424 591087
145 54 464780
264 982 342021
300 976 44343
711 73 538384
550 882 659917
260 553 213370
807 182 977623
120 979 365347
670 353 469439
122 560 241369
653 577 860190
844 148 257565
634 319 724010
279 89 660339
640 732 314493
545 792 319522
221 28 554859
920 207 679214
597 3 653153
207 756 10018
179 271 324738
530 875 779985
118 653 222710
166 879 877843
927 657 984213
870 348 374458
622 166 937040
221 367 825156
91 886 339579
810 949 359475
573 154 5929
972 551 852881
757 46 888443
212 272 813449
260 685 8133
676 522 483947
279 184 750275
817 688 826050
201 670 156737
142 907 980887
303 70 374682
222 159 437048
633 37 810324
313 253 819311
480 968 670890
946 142 143239
550 510 331912
538 350 928945
808 948 193865
809 113 470193
34 966 127718
733 810 833637
290 704 703897
672 123 147242
363 537 853191
871 212 572546
513 916 333582
883 505 519410
34 181 75018
819 677 239337
731 18 914594
683 617 907124
507 696 297541
117 463 9502
559 978 829526
599 432 246506
561 147 337449
39 201 485733
211 421 108387
903 336 568493
42 573 751865
547 422 592368
974 201 677012
585 728 308270
428 894 291714
47 906 428320
720 789 438815
737 288 414048
108 50 239664
