100 100  2
8 38 565379
42 26 94042
98 91 29349
95 62 674364
20 30 3076
18 87 471936
87 28 296099
53 55 700149
55 35 298473
37 70 53067
99 1 619754
23 22 502975
73 9 630704
87 92 573832
23 24 919230
40 18 200107
50 94 52797
60 83 267571
56 87 214460
76 99 694883
96 88 738231
9 87 841511
47 27 644818
99 91 309060
74 40 596607
53 34 560296
11 38 387060
47 6 258210
71 66 69614
83 2 605970
74 50 938681
93 20 376788
33 9 138293
97 85 162795
12 51 94362
49 27 337727
87 91 26430
40 24 278014
28 3 973338
40 79 633558
13 57 484389
1 74 561979
6 74 236699
73 49 493621
71 100 330680
75 26 81641
42 94 477599
97 35 288383
36 7 7750
23 38 602052
100 4 23404
98 77 647226
37 39 68034
60 26 242793
17 98 221953
79 43 144279
88 78 133849
69 60 501715
45 11 169747
43 50 302225
59 38 948825
75 1 320114
7 46 974775
14 53 816976
89 65 358745
59 12 533811
23 41 589172
58 92 928511
49 12 757327
47 94 511556
90 89 46604
67 26 824400
17 58 191249
64 99 788137
17 27 778842
34 69 537787
39 31 703230
28 64 580307
61 36 170890
77 73 957933
35 90 191121
38 74 454212
65 90 901414
86 50 949924
5 31 138907
65 6 562936
9 30 500468
36 37 75441
18 70 870336
82 59 965049
21 28 764469
43 52 35935
36 12 578069
16 86 246650
7 42 333929
31 26 206719
55 79 622716
86 19 835194
80 10 493810
55 96 997497
