1000
74079 34242 90894
43014 32056 23763
2 5 97089
95365 18207 20577
85645 85756 30710
66696 29737 69205
117 17 18207
68318 10127 34139
68952 29029 32272
53 267 90210
78839 4081 41636
178 49 57553
30 86 4803
17610 8437 42552
6 5 65796
73171 19088 1298
204 115 76737
12637 32642 79562
228 278 13058
99 91 12610
6 5 20493
17854 3151 97483
222 58 43613
4 5 49407
8644 22533 35760
112 120 78621
302 46 35357
142 288 27013
9 198 29550
256 66 38909
13642 60754 9509
58 131 94372
49555 59069 92955
57838 65867 34397
36 187 91255
124 250 97047
296 48 50125
23 159 31331
9 127 26835
29526 35250 89633
236 86 78195
113 46 40959
75 263 95209
241 102 34773
177 95 14822
168 218 19259
43 235 61949
160 178 15743
7323 28610 61983
229 153 47741
92573 76446 83090
5 2 46511
173 314 89447
280 176 45740
269 82 68958
272 143 29646
91 308 45428
147 2 96448
286 255 15144
95071 31143 30912
90059 58517 64572
65493 92570 6015
309 49 51831
291 266 88978
26 66 61712
79 268 54184
301 78 35880
6 18 19530
93517 90149 79370
181 70 89591
215 225 85294
37947 65169 37014
270 172 55707
104 99 4131
43780 22469 25451
163 294 70654
27 138 46170
7157 73469 23201
1 1 39292
59 277 20552
192 6 66005
92736 58019 78184
6 8 50102
67734 10951 78091
54100 16245 14918
283 126 73362
304 105 58422
7768 62252 49844
227 317 15140
31 242 70994
93529 29521 21120
75702 11161 88949
76515 61945 96457
29 229 10633
99568 59808 72365
91228 20021 10842
288 22 42279
6942 5555 82126
69899 97497 63561
28074 73666 25321
8 7 4137
37904 27008 49921
198 297 90175
85523 85159 24268
296 116 41153
42474 58151 36120
108 271 38785
55 128 75748
41180 70239 50727
15 305 76216
37 300 92045
217 191 20900
10367 10078 98615
62 226 21556
28325 73239 40900
162 89 29884
10 4 66327
62 85 93538
79 93 9578
51977 28985 90051
264 98 72717
124 185 17415
289 148 80192
165 113 1525
24090 21558 8543
89 257 63625
259 88 12539
307 276 50240
311 297 95227
28947 23420 51219
222 138 29662
293 121 27564
29 67 99966
126 130 11429
38851 11860 76968
89905 7955 47420
230 143 47663
113 119 58135
16281 25148 96552
85 73 10643
70665 10709 68626
245 177 41780
260 257 597
26357 6730 68745
149 248 70320
81 219 49982
97138 14851 87347
174 284 58347
61160 6574 63966
65 174 61326
176 164 97648
12434 53881 7866
259 158 16389
20 150 56975
199 10 20985
81154 26718 57781
213 311 50978
18300 57215 64523
51328 79791 77134
90182 18416 55540
35019 76860 21017
90 185 9503
288 261 79065
205 221 3287
205 133 48725
30 205 99424
78 115 75220
253 234 78031
106 295 879
213 38 34861
1 4 74965
99101 80725 64728
94 138 39657
12956 77754 47355
226 7 83525
36985 78933 10335
41 111 48705
54 64 84081
126 288 78686
262 114 67128
48166 62019 16339
90384 31780 10836
68995 5316 60339
53307 96950 5489
75150 98083 5401
19627 39840 83257
27692 59713 66282
45757 87682 61612
305 240 17326
203 245 91584
289 311 27021
141 128 31813
126 62 66129
48 11 95123
9832 42622 36096
102 151 11349
32714 8799 6780
23521 85569 12141
278 155 77822
57037 29626 61940
148 220 7882
235 36 76839
23796 61662 33896
75 74 63283
240 254 44195
24889 86546 36485
42 217 19414
97 57 76339
111 99 79986
180 32 35727
304 140 80326
124 314 19289
179 52 3610
103 63 91866
207 307 1362
14 309 2881
7 1 5485
253 136 78391
7587 3736 22638
22 49 65250
92003 17107 84058
88219 31391 57809
29 135 74226
178 2 11535
54997 50602 40451
37510 3012 26515
59 158 32203
206 96 53485
167 179 84392
6 185 8822
12533 32337 14987
3 59 54128
5 7 97596
97082 7333 93084
3 1 25254
84214 73666 53254
2 9 76649
3681 29929 38486
36 84 5080
282 121 825
35 31 92395
75 247 87676
16 248 76196
145 271 20925
106 38 46198
15449 11456 69931
91113 21837 86857
134 252 20471
56763 69791 75996
244 190 21716
270 50 55564
52 40 49996
1 1 89576
110 229 68580
90 145 25591
27507 38881 75500
16 55 57195
151 291 16014
70890 97352 11314
71 267 5648
9 1 38218
285 132 63973
155 178 66382
23430 96594 34482
203 113 44265
77697 28870 14105
16 239 39884
283 252 21265
62260 81962 88174
60268 19982 36237
1 6 17678
92677 58306 62934
227 91 28120
31405 86752 41063
24136 94343 90541
7 7 7036
4 199 99966
203 244 60423
156 261 88130
94688 2730 37438
242 56 81456
297 222 53499
109 182 37244
216 226 80094
119 165 4806
5 2 39347
170 160 72909
214 229 20246
236 179 97583
93 14 67964
31203 71432 98291
92 243 46950
198 7 13501
11374 38652 21167
96 104 85817
173 70 68621
4 141 99008
93 298 77566
226 214 71381
15811 39206 59941
73 203 48977
43184 29634 32535
182 160 5746
19579 18727 53013
76902 46904 56635
56 77 80235
60 298 80659
58 71 58698
72 123 85671
309 113 74861
36370 92468 56458
226 141 61616
145 4 1807
178 217 11411
9 6 2015
40271 50933 5888
1 1 41825
269 258 6800
265 72 73348
56 280 4462
137 101 84988
80481 34380 42173
46 171 6871
48815 10481 80390
267 202 90986
218 29 60862
2 252 85681
29471 16678 7741
62761 12537 73090
147 252 43988
212 246 32255
84424 49219 82538
15 136 94552
25 139 48956
6 24 70208
59540 39378 69716
194 244 71166
72 156 12921
266 103 50646
122 300 97855
44365 14856 86688
96 241 5895
124 313 28314
278 145 14010
191 191 21843
109 287 99520
119 300 83856
73831 40370 35954
62799 47053 26730
82395 44561 93038
21537 34442 85864
13 94 36609
218 243 31873
292 196 4540
23 237 74573
281 218 20684
78685 14184 20610
54 19 72109
139 41 87982
6 1 85145
217 204 41662
303 91 14905
177 240 94457
19988 73749 55637
73581 25049 10764
87938 39487 1715
54982 27613 97661
289 262 70914
261 291 33832
26 244 15791
55 22 9261
208 212 23388
3 6 59920
157 89 70733
15341 94884 47792
68 64 59312
291 169 19180
48 173 7689
285 210 43925
179 40 95310
3838 18414 45027
59 72 58303
52 151 87520
135 95 6460
177 51 82673
36 32 86582
34878 61480 45895
34922 26601 90780
14467 35323 88659
75 239 10721
8 9 89119
262 160 58808
244 85 43641
104 70 23852
2 1 63175
3 6 65475
239 37 7460
164 71 73203
219 147 72002
108 258 22465
9654 81286 69401
52772 70443 76244
206 100 19293
22661 63426 62357
133 211 25485
286 261 26798
151 248 72054
252 49 52957
203 106 30913
276 50 90258
85418 69979 54745
143 122 68006
287 132 7707
231 159 11041
87 199 87306
37 315 5315
107 97 29868
32145 22606 75858
52069 8426 68259
121 237 71199
75 73 54857
71461 39642 81009
78 115 18350
154 282 19883
82764 69427 98751
6 9 90062
87629 43184 2759
3 8 53535
183 85 70501
263 300 89083
313 111 90954
245 227 36578
5 3 57636
84 302 33430
2 9 90865
7574 5468 80930
99631 53320 53231
222 116 21562
108 253 67518
151 55 61728
40504 43028 78874
243 298 22371
258 154 73513
77541 47764 95796
302 112 28940
7 3 37705
308 8 37822
238 76 48251
25 45 32631
93337 32177 42555
164 55 63930
221 122 56232
263 240 37142
73182 49812 61743
159 298 10847
239 190 34871
36464 82085 32867
81951 58822 27074
71262 60346 67743
194 128 24091
2 3 36268
165 244 89259
18054 2388 85508
72051 27548 96161
241 18 10366
245 285 59359
82514 84878 82026
140 117 95035
70 292 81711
197 169 52415
55 255 56070
12489 74623 77105
125 76 90173
27 271 91590
104 227 73152
24438 57663 3486
1 9 66679
223 286 12398
10190 79675 79609
139 20 35966
51778 87910 70209
25115 90603 9338
291 185 95873
3067 45359 69213
145 231 32899
164 251 52551
39752 11596 83156
292 53 44922
119 257 62276
36 177 30528
184 25 37333
53 47 66526
30512 6909 35285
38269 4393 38341
132 291 27522
84 123 76299
6500 32908 42759
92139 83444 65771
25 302 97585
168 3 77445
306 277 41403
57551 37564 11610
7 8 62880
142 36 92610
86907 54982 13909
230 191 35392
311 97 33768
9 1 35612
266 244 32055
126 311 21517
156 317 50270
50838 17900 54514
148 198 38725
89 266 32735
86182 41711 54400
1 1 26762
180 167 28537
291 190 89316
98746 71224 28719
276 220 63262
13362 31356 24275
54735 25486 40021
293 13 781
28 196 15763
45826 61097 81237
72 171 99123
93541 24093 87662
99 286 7368
31725 1200 89993
106 131 57062
22 26 21253
76 154 92471
5 6 90844
6920 45544 86730
8156 88527 19715
50531 69769 90686
5 8 19966
50 237 43758
81496 17413 85504
64933 42955 35818
57 215 85944
254 21 61282
112 220 91036
304 157 6826
70 220 28935
30 247 1621
222 55 58164
230 73 72322
173 36 21179
232 138 64259
2 4 47654
23010 32971 66951
192 263 58888
159 283 37238
32965 89737 40757
176 279 36762
217 221 70378
42623 28703 9114
26 131 13532
279 295 28820
81676 71496 21943
201 42 22734
309 230 36215
65957 44975 95144
8560 93140 77438
64 156 67330
5 3 81725
59703 51875 6525
179 5 27875
40136 90788 27195
187 206 25395
60 92 29860
48 91 72583
41000 75677 32178
286 180 17300
33090 64172 61791
3 10 84198
150 195 28038
54187 96844 17
199 49 83887
109 164 9882
97169 95948 76398
8 10 71111
289 3 77545
183 275 34796
226 77 49591
32 288 83437
85401 16345 10969
207 201 52140
128 153 26891
42674 41063 94395
73 29 15625
12185 18000 58426
64758 29754 10002
87 164 14519
8 8 63462
79995 53145 5228
234 314 89516
104 151 17380
226 153 89207
46470 56595 65070
2 9 3056
98676 73355 39311
31 274 13255
94897 58389 99823
45567 97487 27002
153 171 11839
196 269 2722
178 193 78463
70 160 65767
182 178 75322
38208 76457 7258
37521 45705 62664
68969 77645 12644
279 229 81113
296 54 63047
277 9 96448
95 185 11835
217 120 95437
85 219 73615
9 4 77609
52 285 23241
73411 54683 82012
36893 80016 5050
7 10 67391
298 186 98560
268 42 10559
277 303 95927
2 4 56185
276 92 52934
31069 11434 88438
36 161 30306
44 181 13072
93 29 9426
259 164 20196
253 18 42232
136 313 63232
21644 71277 27874
184 212 12007
292 3 73315
60739 87434 66197
304 265 79115
73 262 26808
152 53 43028
76811 16380 98548
160 293 97216
157 40 96406
297 259 90025
61 217 53156
183 146 18870
41521 13435 43410
54551 44469 39067
171 38 28275
38559 35163 51693
38171 6310 65268
314 287 64592
90119 36517 8035
64301 3728 66628
264 281 59808
9 160 94217
9 7 94946
157 187 37641
10 277 61142
261 174 43377
284 297 66884
279 206 25420
174 8 83915
21808 70082 26248
14775 83047 38568
55 94 30522
68010 82815 26125
91112 34861 22069
288 37 72103
1016 12247 99373
7481 1957 37052
71 127 68654
316 305 30019
32937 31664 30784
87344 2572 72734
154 36 32057
154 290 45549
4 4 86415
8454 11822 22679
244 232 95831
18983 98429 45276
65163 83948 66652
47 194 30990
88721 9737 61814
51921 12230 55388
9 196 99904
236 57 718
42 94 26613
298 116 54218
266 4 37554
267 85 56251
98 42 37321
16 30 21788
70 297 66842
102 63 62704
99825 95085 25579
209 264 85841
146 179 53712
77851 68937 19190
124 304 94643
135 29 65487
51089 68872 94521
62028 68932 38191
177 27 271
20754 43347 59649
174 294 90832
4848 42965 77470
79275 1266 76737
252 96 54595
18893 35642 46392
272 227 97492
245 112 45630
197 60 6188
236 236 22103
214 34 77510
105 226 44736
8153 19076 49374
77 90 37870
317 246 27386
8677 83884 78691
88468 66474 46539
28 253 79410
257 156 14121
33 188 53388
42 241 9858
297 37 75713
85944 91813 56134
126 26 85248
35 17 599
306 115 75920
233 235 80363
20649 79330 93005
72 165 24646
167 196 13220
154 11 21959
62 185 17718
166 136 63455
77574 92511 96999
26417 5133 94327
222 281 89104
145 245 9091
61 5 44200
973 29362 72889
99746 9942 4939
33284 55373 84171
16939 1878 33407
235 275 92353
240 118 20299
151 161 29058
155 75 97409
5 5 13440
110 91 32726
8 4 54926
43 69 14729
63815 348 64761
9 1 26820
49 43 62244
42 282 72209
88732 43972 47875
197 210 83585
48 314 78487
296 30 97670
33045 73225 13813
228 272 84046
214 231 5310
42429 28410 13544
191 106 24367
29310 58502 25649
247 202 96861
252 303 23070
6 9 40331
26701 62362 18566
212 282 6273
79 298 5401
170 93 26790
188 262 22653
77880 11195 53101
44305 39054 58236
71417 68358 47820
155 46 95329
202 68 55730
177 36 15930
240 315 41050
60965 21671 39627
23915 17020 80338
45528 25901 84073
44866 80972 89484
91 98 92746
1834 75627 41273
205 28 85881
206 290 42001
79013 23721 99730
219 294 88628
4 7 63255
10 7 92701
141 151 33255
47 165 56912
115 3 95258
85 260 79588
222 212 61132
155 132 93627
7 310 6454
48 64 49542
312 246 7201
25 56 14290
98242 49394 34234
28012 28953 23130
7 170 11787
28 131 3285
11626 99615 71610
92973 8406 92723
72623 16371 7545
22 141 65437
285 228 40310
78190 78161 37093
7 43 54483
29 151 76642
215 101 59074
77204 54544 24604
221 285 64006
69225 7558 33710
76 313 41257
315 223 23682
60988 48006 51311
42 191 66168
164 151 61204
295 107 345
272 74 43961
112 206 81601
188 272 49124
3 8 1316
224 310 42844
270 57 96854
89397 55961 27747
277 309 37504
92076 88789 82183
70 70 17660
143 186 15775
207 8 49275
74280 14174 83316
221 282 36082
4333 92488 3645
28088 44203 62245
268 53 2646
201 71 56976
60447 81573 1223
7 4 37751
9 295 19540
9 96 91824
306 213 21085
106 244 28359
57 223 71903
56500 83565 8740
86 98 35269
59894 40851 78196
108 302 78999
120 231 20771
52562 33316 4662
229 279 38792
255 294 3183
127 83 35957
210 242 34339
17 129 24481
280 256 73780
26047 82829 57637
32134 96692 28280
55 282 97748
229 273 21715
154 244 73970
133 218 54485
224 305 84710
53776 75074 40685
55561 49701 33240
41814 30661 57949
59 161 33454
214 104 65873
305 13 52222
67083 95961 55754
78833 48804 6420
73713 99026 751
20609 68765 60256
244 204 48693
177 233 66910
103 262 40092
121 126 36838
256 126 50501
310 115 97475
261 16 52538
62447 21877 79505
147 185 72549
245 114 82917
210 303 8858
26683 7381 35457
49 107 51664
224 47 32588
45 198 1655
131 223 82806
276 45 40971
94 210 38514
25796 37954 7284
5441 6624 95207
150 109 97939
244 36 86412
93 288 50907
200 271 61596
304 15 88848
191 218 58137
248 98 63335
95 182 66623
141 301 48028
285 298 48405
287 102 60812
89182 49969 71578
65 66 61668
179 143 83195
143 131 21602
131 268 75014
115 154 14229
60 32 15082
47 207 95354
5 6 43108
80 153 76420
83019 65490 62150
8 3 27592
11458 13449 6609
138 65 79154
276 123 35996
5 5 26930
6 7 95068
27018 54812 65629
72 128 78643
34504 1981 83076
45750 11454 13776
73602 21727 36548
188 102 58638
259 101 5135
154 291 28909
95848 99098 39979
192 217 84169
174 293 2726
273 8 75816
35928 99710 52755
199 146 56608
69 136 75799
92887 80163 93083
56743 92428 94841
33203 8019 31640
51697 59744 32665
80 76 20009
73 189 33824
27257 40857 19596
41064 56743 58176
302 123 31247
58378 83924 6742
181 179 30399
38289 3521 85108
27 14 61795
241 301 27824
262 207 96029
38 81 31672
54 41 95708
51523 20194 63791
155 100 91200
311 173 61763
47082 66131 56388
225 312 59198
173 268 95386
215 206 87237
60480 3349 32700
35 257 32544
225 88 58269
61 255 15925
2 188 17720
116 197 43958
172 220 40132
5 8 45365
59695 22041 83472
91 240 3615
313 197 31384
3 3 44215
237 301 40761
307 164 47022
80251 5419 55790
234 172 60116
223 34 1858
151 90 74146
128 103 26224
92 176 56415
43 276 36191
152 208 55901
203 41 71723
76271 42719 39535
209 260 31961
73 172 30826
159 65 70864
272 116 90517
