1000 10976
407625 7849
1511464 6615
1571524 5980
1524574 4650
542494 7089
-507611 4802
-888905 9788
-1946208 10577
-998130 4208
-98060 8689
1370545 5805
-87909 6234
-470718 10159
1475520 779
-713896 956
650533 221
-578473 9138
2007093 8541
-1579004 9549
1624831 10741
-115872 8771
1321118 5065
89904 8567
785352 1298
968665 7023
360099 1573
164083 10368
1135426 5727
-1730224 4551
-115905 2903
-1377127 8497
1040165 5006
-1244458 6239
-1601539 206
-772092 6779
-1538068 6718
-1219121 6771
-498359 10358
1767568 7483
-219740 3945
496393 4796
1766471 7657
-1759320 661
2062649 7318
672345 7360
-1444839 2309
-622769 1415
1100612 3462
473419 3992
-768113 6258
-2026498 4814
589516 10848
2014970 1120
670810 2292
592962 1770
2174563 7168
359355 2780
-375957 5118
-111089 2682
542258 1744
-711212 1211
767232 7203
-802558 1516
1222048 2157
1973796 4047
713557 9011
-2135616 1065
539343 9197
762435 1054
2072027 10717
1660420 5143
42254 10720
-1950591 6638
-214431 8114
-2107447 430
-255913 3104
2105577 1319
-617096 3250
-83886 1303
828298 3490
1670441 4546
1836221 704
-1243265 7600
286205 6219
1602946 2912
39377 5743
1829580 1031
1849050 6321
-1830303 10199
-975905 3496
-2154121 7325
1503018 1446
646153 7862
1498821 3176
-1032929 2010
-448608 6437
231907 220
-1471046 9098
-571595 51
-1552263 7439
305652 2963
894488 8069
-928674 10560
-292893 2730
1124410 6323
-456171 6498
1738766 6281
609919 2448
1719080 10457
790515 4907
-223043 9290
2101117 7677
-1685028 3264
1172340 8932
-387145 4352
770247 9670
-1098495 6380
-820047 9677
2043363 7601
388397 7960
701008 5502
145788 10493
-1183068 7068
-461566 4652
521617 6655
-110342 210
-131132 3310
948653 7246
-930805 3183
-511648 6783
1093955 4706
1661556 1486
-1743589 3273
-1789642 6255
-640794 6485
227494 6303
-2047573 7169
2058929 7157
-785894 4735
-1223769 9840
-1574995 4034
-1768191 4784
2125139 9789
-1052200 8848
162543 7725
-228625 1100
-1758052 10092
-648411 7839
-135009 10963
1497741 1640
1776565 9528
-2030300 1783
36508 6756
-1462673 1359
1225145 9307
1602203 8861
-389004 6246
-1580665 4469
-2049341 759
2118697 7654
-556305 4978
-350902 7925
-1973098 9509
-590526 10707
-2122197 9393
-1182149 128
1163068 3951
1949879 8012
1097596 1883
-705082 5718
-45885 596
-706920 2195
-1407166 203
-1444501 8711
-160465 2457
1644525 3790
1949863 10186
475273 7731
424355 349
1245311 1807
115 6821
-1974056 6335
874120 2611
2161817 10253
-1021811 6738
786279 5879
1599341 6474
1101306 8013
2039295 3423
238145 4370
-1262721 2303
-1218586 2043
-1234803 10365
305455 8117
-210261 5383
2064527 2496
792663 2791
-1820719 636
-1947501 4768
-53398 3422
1672762 7643
2091605 4146
516565 1971
186586 270
1556895 738
1070531 7457
-93971 4979
777458 5889
469970 9841
942605 10869
-133920 2380
-193114 7277
1784337 2890
-1592748 226
-1188836 8323
1675312 3512
1775587 4208
640052 6457
-769712 9121
86540 6903
-2194957 9578
-826009 3002
-327298 8759
1691786 2037
789742 10457
-192608 7545
-72843 2365
1267681 10398
-1187859 8021
1669658 2787
-817965 2341
2008392 5687
-124022 281
928937 2277
-1520421 4661
1011733 4106
642159 5088
-1251788 3047
-1376574 6440
1350400 9481
1084777 1290
767649 5678
-979526 1449
-1427281 7868
897723 4347
-161786 6206
1494617 2011
-1295758 1589
-1470965 5356
-1647133 3903
975022 10322
-2061500 8400
1084403 8217
-1788666 9919
-1240506 915
1094326 6060
1017228 6415
-1994934 10558
-1276917 3206
-935529 2643
778256 1100
-1918437 180
244322 10202
-2154633 7353
1462170 8617
2126399 3092
893423 6436
-1397767 701
54412 5330
353195 10728
1262425 9620
467469 3711
-1236325 10554
-196827 2543
1663389 10419
-33946 10332
946399 8772
-60766 6919
915609 9596
-8166 3216
1512712 9318
-1341960 6781
1200010 145
2082185 3811
1590684 1625
1231185 10776
2129485 5250
1113271 5459
-2177428 7018
-1012078 4045
-392976 1502
-315127 9023
-887556 2083
-434069 5612
-1665468 2462
2110463 1073
-412169 9463
303862 10678
-686635 10546
1268267 9950
-389111 8495
-617855 3656
-441240 890
-870042 4469
1208324 2549
1871245 1454
-766958 586
1988283 7964
-2133961 125
146927 8457
-857964 1612
1680908 872
-1094867 983
778908 7376
1362885 2693
-297898 4615
1106971 6117
1447085 9445
-531091 7980
-1771309 2967
-1070645 1443
403632 607
-103275 3310
-52973 2877
-182138 5006
107971 7499
-254576 7635
1548208 3111
-292230 4170
1435091 1988
41015 8655
-1815971 623
702639 7650
-1288168 8546
1524677 8532
796239 2847
-1412096 4102
-1888491 6449
-2152666 2994
1721254 4070
-1609235 2162
1225764 5047
1866637 489
944720 8778
-40310 844
-133915 5694
1680246 3367
-50885 6339
-375083 10530
-1430779 7085
-108490 388
1245328 4724
247747 5597
-1493320 5885
-1563732 7478
656202 3046
172207 1414
-765314 4310
-1549751 10497
-1493307 2053
-1627029 9922
346500 5968
-1790141 5015
1802455 9681
-1830921 5033
1318781 7948
1655755 4379
-1784876 9922
-323547 7573
-117572 7679
352097 3597
949398 8306
-2076357 6981
1015926 2634
1172076 1762
-2152322 8741
-841701 10527
-1172828 5028
15047 6486
1992018 9414
253814 5018
-1767274 10447
534217 6319
1593814 9008
-1503132 9975
2161962 8951
-1822012 1749
-1780492 6902
586592 4373
1972595 688
1917491 4654
-231031 2839
999677 9319
1063521 365
-847409 10525
-1669356 3900
-246396 3915
-475155 179
139830 2033
1516258 4404
159259 10199
791458 1093
479333 10375
-1762843 9543
-1791163 4984
-1949488 3585
-1815288 2554
-1153915 6744
1490597 363
98215 171
57403 4706
657822 747
195771 2765
-2052665 2427
351898 2779
1190189 1438
-543415 132
-39405 1267
2114590 6788
-1121083 10693
-551772 10870
-1994736 4489
-833880 1788
1455502 7011
1347953 5381
614762 10859
-579084 716
-822088 8596
1325181 3165
-1885909 2649
805958 7271
-523647 2700
588010 7308
1874169 5677
1553938 4654
-10195 6088
-316836 3150
1416164 7755
1045909 4553
-232060 3957
2058671 9095
-600777 10152
-449869 504
1047912 2553
-223545 3825
1919853 8945
-1065843 10816
-519122 10635
865530 9932
1743296 3255
-1663699 10888
-1134718 2737
-1193032 1162
-46059 10437
1718941 2562
-622965 7570
-503854 640
1829598 8020
-1695500 9677
575693 2990
-1612090 4160
-552117 4108
-770933 8218
790779 2610
1297515 1886
17270 4931
-894578 3341
1694528 9210
-650348 2609
1046628 5514
243058 10345
-1310457 6958
213018 9519
86239 10319
-663905 8240
-2087109 7678
-1541780 10624
-1616317 10914
912840 4959
917910 777
490620 3213
754740 1672
-230427 4582
860857 1441
-534197 6630
-1756020 4201
2020711 9827
-1877184 10622
-2110463 6002
2105518 3016
-1543322 6500
-1059394 9842
-1248943 4464
350847 6059
2088740 2981
-996582 4998
2063817 4409
-2083257 2726
1703667 5552
915876 3406
-975663 4094
1733607 5762
-2078756 8238
551595 3660
-748376 10143
2050848 9464
-1455083 534
1762670 2783
-746651 4896
1708889 1148
54667 3824
46665 8123
-496875 7469
132102 6831
1952443 7798
1724822 2249
777603 3750
610385 7422
212325 9650
-998013 5967
-1544242 3102
1564312 331
592953 7796
-879646 86
-174652 4090
-2087515 5823
254929 10121
-609601 982
11895 4455
-1520714 266
-327052 3760
1783256 6829
-2157831 3063
2058500 2302
838099 1269
-1758723 6334
-922968 7631
171548 7375
984098 10414
-487917 29
-1198211 7103
-198184 6589
2072631 6462
1465595 10567
1821096 185
734447 7644
-260500 8930
812627 5595
652406 3665
-2067440 8680
1841910 1067
186403 4851
2156308 5706
-513226 7616
1346401 997
-171196 2499
1434889 4503
171744 6841
1700247 9735
1668821 6792
-753818 1464
-419613 10762
196019 9568
534280 5517
-529676 10123
184965 5942
-1664316 10134
793333 9108
-934632 10627
-2006517 10095
-1685482 395
-1727933 1918
-805692 4271
-1112814 10450
275643 3293
1784057 1761
351701 9728
429981 4899
-1150094 9964
355127 1758
-1554772 7256
-721646 4832
551118 839
-608924 7644
1804428 2715
1661734 434
-289084 657
77324 670
-111218 9963
-1385775 8120
-286427 9857
-1371772 7382
944848 5805
101007 3341
-787791 10953
-2181592 3975
427198 5165
654513 4151
-2172416 10751
2064461 1917
719437 3599
-908179 7467
-1315521 693
1869002 6665
-837464 5242
-424912 3117
584195 2616
1715122 5647
-295886 4038
1880051 5010
404270 3704
-299492 10652
407342 1464
-638777 1062
689379 3769
668697 6487
1412473 7235
-426893 4360
-2030275 10968
2127726 3862
-227674 7918
1921393 6998
755329 8924
-1024295 10715
281268 9766
2006118 8391
-1696952 7663
-1000005 3682
-1834934 1620
1164643 687
-2099978 2655
-1592612 4744
-1050936 5729
1629200 8485
-1407519 10523
-292934 1287
-767803 1174
366177 6472
1916269 8181
1935207 9309
-1964669 10271
422405 10794
1720162 4388
1233400 4174
-1266482 1622
1163431 7517
-1365140 7208
1750714 9461
-2155989 1067
-1799042 5463
523260 6377
-516135 2651
-1771251 1855
2129051 9434
1741150 642
-1004904 5165
-117707 1271
-88889 5016
36837 10756
2051455 4650
-1756343 9407
-2021119 1287
-71536 2977
-183260 4432
-1162303 4388
-1936736 7369
-1651474 3783
1566298 7834
-440501 7015
-520714 4381
-2098727 4738
-549886 6745
709520 768
550372 9026
1817587 7171
754245 7972
-772348 5893
-806868 1212
1463389 4445
1210886 4449
-960827 3523
939225 328
270348 8092
-440533 1204
135488 6654
-1820993 7718
727391 6967
-2065092 10527
1709127 1133
799575 9518
1718026 320
-2189899 5871
1919565 4436
2012152 5753
1300960 4007
2160401 2091
-635620 209
1529352 5687
1188369 9250
968204 4096
585744 2446
-845696 883
163669 936
-989706 2430
-2157048 1097
-2085683 2909
-1561727 726
60410 720
-1217643 9398
-572993 1779
-1953258 6143
1805320 8489
1690092 5009
1744205 1683
-736750 2190
934834 4752
-320748 5797
-870650 3835
-1886069 8577
-343134 8243
-490322 10177
-1491009 317
-657651 9831
-1775391 4308
1629288 9641
735801 7582
-1349092 10837
1835590 8333
349830 4001
-193624 5499
624981 4131
-1079928 4005
224257 2863
-1616092 5443
-1314855 7482
61704 3044
-1767166 5755
1544778 1288
-458605 1754
-1171896 513
375080 10654
1083710 42
478503 1960
346890 6726
-1448395 893
818203 9679
2093350 7898
476768 10607
-753486 5571
1328939 3297
1476772 6031
-371955 10216
-370514 5715
1916923 2932
975476 9630
-2050750 4082
-325127 15
-1782966 2718
2101015 3492
330212 9425
630804 5032
-595064 4879
736335 3689
315422 9666
1205970 10372
1756608 10886
-420133 4135
1735723 10604
-1909462 8691
814319 7416
-1180711 2687
170648 2375
1198732 1822
1082603 10128
972166 3227
-75113 4973
-1343363 5421
-1292682 8541
155719 9266
-273021 1526
2085395 4685
-874463 9251
-1848491 8978
996085 1124
2087302 1716
1238485 3338
-1110573 827
-2034683 4661
-408650 1181
1658477 6236
-298575 2706
-947949 6546
1911149 1289
1195354 10711
487275 10235
-2183447 4300
1894479 2658
763215 2748
-1209701 5305
-2086525 438
-2162412 7021
1876468 4481
848018 4142
900679 8883
421763 7782
163479 10474
-195028 3862
439888 9851
676481 8451
-557407 3923
738614 6823
-189294 3167
-1821723 9597
-1171474 1234
-1837946 2331
-781416 2008
488771 4423
-581175 8179
993227 5783
781752 5352
-1559948 5
-1457427 4669
-1912303 697
-1034674 2285
-665775 10233
-1807755 2364
448826 9421
941195 8812
-1504933 1746
-693080 6648
997718 1269
717030 7989
1556221 6996
239730 8911
-2082119 5261
-1943540 10041
-1843700 541
75239 3214
1120018 7848
-2053508 4589
-190159 1898
1425991 1176
740247 8971
201596 5193
389918 9683
1740705 8048
329621 4497
-343245 4099
891039 5659
-626917 9758
2076271 8092
1634556 56
-1507429 7619
808385 10092
-2045616 7797
1691214 1942
1514045 5307
44465 1540
-1634596 3940
533315 10285
-1144415 10134
574576 3104
850621 3727
-1728699 6587
-101217 10572
375789 1622
-1081682 2819
-1312685 9588
605241 5399
1144768 9866
-618561 2036
917143 5846
383612 3581
1359238 3474
-1299243 4904
1301300 4753
-1025563 3922
-885700 10042
2099367 8031
-1993182 7985
-1362106 3182
91648 6340
-544435 8552
-1132286 8732
810260 3781
743017 8461
2036008 8077
1662207 1553
2183943 9504
-601977 4843
-1996603 5338
-767017 4921
-13546 6232
-1439192 6817
-1821682 5468
-207540 9513
1899574 6890
1155399 4406
-827652 4573
1706177 8899
866113 3821
-160935 2320
-1033415 651
331623 9615
-1339507 10081
1059103 1318
1918288 3671
699249 1924
987814 1272
-1473031 9876
1089802 624
-11605 10761
-1811556 1058
-498542 9477
1007369 6217
343374 4038
-850058 3757
2145803 8312
325029 3452
1953504 7214
262432 5678
283911 5322
-1970542 9891
-1738253 6087
502428 9075
1016964 7963
-1123801 423
2037039 8485
1059131 2380
-1150236 9912
634062 471
-703534 3655
998731 1094
371395 5220
1126812 9000
-1091174 3272
1897949 1656
2164472 3625
-1472836 8933
56659 1540
1595806 2495
-668667 755
-1129926 7745
1014468 4338
2096494 3411
16454 7887
-472273 3687
-474458 7988
1293001 8947
904690 2389
-795026 10688
2083634 1782
1719194 3192
882154 1973
-260012 3792
-1285088 5269
724261 5731
1114678 9369
456942 9762
-19245 2415
-1676951 6836
1250081 1223
-36917 5037
1554705 3537
-1603293 3473
2041928 5296
-38631 8010
-1877553 759
-965389 9649
1767488 8065
-728728 1937
2063830 10308
-245330 5557
-583721 10973
1272204 2165
-144359 5871
-1863433 3185
1443743 3338
1275245 6487
65824 10116
-2152687 8838
-1596539 7945
930723 6137
398900 10123
878275 5404
-610554 9591
568015 9153
-286138 2347
-378449 8464
-373041 133
-2054463 3543
-1927408 2519
1533650 5563
858435 8087
-1183601 1072
-1676577 5651
-2016466 10300
-89094 2509
386210 7432
1747185 6507
