500 500 300
1 1
2 2
3 3
4 4
5 5
6 6
7 7
8 8
9 9
10 10
11 11
12 12
13 13
14 14
15 15
16 16
17 17
18 18
19 19
20 20
21 21
22 22
23 23
24 24
25 25
26 26
27 27
28 28
29 29
30 30
31 31
32 32
33 33
34 34
35 35
36 36
37 37
38 38
39 39
40 40
41 41
42 42
43 43
44 44
45 45
46 46
47 47
48 48
49 49
50 50
51 51
52 52
53 53
54 54
55 55
56 56
57 57
58 58
59 59
60 60
61 61
62 62
63 63
64 64
65 65
66 66
67 67
68 68
69 69
70 70
71 71
72 72
73 73
74 74
75 75
76 76
77 77
78 78
79 79
80 80
81 81
82 82
83 83
84 84
85 85
86 86
87 87
88 88
89 89
90 90
91 91
92 92
93 93
94 94
95 95
96 96
97 97
98 98
99 99
100 100
101 100
102 101
103 102
104 103
105 104
106 105
107 106
108 107
109 108
110 109
111 110
112 111
113 112
114 113
115 114
116 115
117 116
118 117
119 118
120 119
121 120
122 121
123 122
124 123
125 124
126 125
127 126
128 127
129 128
130 129
131 130
132 131
133 132
134 133
135 134
136 135
137 136
138 137
139 138
140 139
141 140
142 141
143 142
144 143
145 144
146 145
147 146
148 147
149 148
150 149
151 150
152 151
153 152
154 153
155 154
156 155
157 156
158 157
159 158
160 159
161 160
162 161
163 162
164 163
165 164
166 165
167 166
168 167
169 168
170 169
171 170
172 171
173 172
174 173
175 174
176 175
177 176
178 177
179 178
180 179
181 180
182 181
183 182
184 183
185 184
186 185
187 186
188 187
189 188
190 189
191 190
192 191
193 192
194 193
195 194
196 195
197 196
198 197
199 198
200 199
259 139
169 105
1 305
271 467
85 188
112 246
73 421
106 142
370 2
382 392
248 490
241 36
467 15
342 288
391 4
64 3
68 14
270 442
410 3
221 252
420 498
69 65
471 127
97 231
292 94
82 174
30 290
73 267
15 427
447 358
390 268
109 418
254 363
374 272
478 151
426 300
317 179
341 439
356 210
313 260
14 498
477 131
456 361
155 166
361 344
308 489
363 332
186 351
161 480
77 328
408 351
307 423
181 348
162 281
53 113
54 278
365 145
264 26
228 440
361 378
239 113
159 339
332 371
252 490
240 341
408 205
216 60
163 294
188 201
271 308
5 382
405 169
116 116
201 341
237 130
244 446
382 309
375 339
207 442
330 159
375 371
80 242
366 165
80 36
251 103
54 275
283 359
135 171
117 165
167 383
288 385
196 231
423 285
167 148
320 299
432 169
134 76
390 427
136 175
308 191
