100 100
47 91
11 15
45 57
35 68
20 90
2 23
45 83
12 76
55 57
69 75
17 21
1 5
9 86
33 63
11 23
54 63
4 72
37 89
16 95
43 44
51 72
13 13
12 32
15 72
63 72
24 75
54 69
7 10
13 96
22 25
7 31
36 66
29 52
86 87
56 62
29 65
24 54
29 85
3 22
39 88
72 79
54 62
52 75
75 76
31 91
6 26
56 74
74 86
8 78
47 50
68 99
27 100
31 78
1 80
45 92
44 72
1 87
49 79
13 37
9 49
67 72
17 97
44 88
40 84
8 89
4 42
2 80
24 99
11 35
35 50
50 79
49 62
11 37
16 40
24 37
79 84
7 37
53 64
46 66
8 75
41 66
50 77
16 49
33 34
14 23
2 5
45 91
48 86
15 92
18 31
61 80
31 57
75 76
40 62
38 89
11 90
57 57
5 86
61 86
45 48
