1000 1000
8431 24786 27989 24315 4460 15644 9589 19680 3375 24768 16385 3606 13117 23745 32702 14556 25903 24418 8372 1199 31192 11323 16362 8966 808 23181 28785 4160 11088 19923 8611 28891 27943 7321 15021 20198 11213 22929 3915 19385 28046 29412 4563 6627 15881 7110 26229 21348 31633 29773 15297 29 5075 25475 3177 24708 29625 22458 11849 20636 11919 24863 21156 22309 8293 23186 23473 13583 4020 5301 11094 2357 4676 14147 20275 23624 14668 19620 11746 10505 18652 11198 6525 13500 32376 13325 27489 19417 11013 4086 3378 14084 9194 29016 4896 31807 20335 31845 19304 16479 20584 21680 26397 23740 5400 134 8232 32045 19792 5762 142 23092 3031 26972 12017 25461 5902 9730 25690 28269 11476 6122 28469 15712 15784 1958 26525 29331 25357 26553 30938 17340 5427 17321 25640 439 25555 9557 8378 18554 13915 25737 15615 27467 22347 5328 25892 28977 20191 1417 13018 13736 20718 2109 10841 408 16914 28976 2213 12424 6153 1590 18192 13839 6491 20424 30720 6028 16445 87 24818 11799 17590 26080 30143 17592 4608 6593 6430 26326 11057 25291 18027 29426 17179 32152 2215 17813 2928 16159 25279 4230 32554 17797 3345 12865 11305 11063 11308 8613 16414 28725 25815 16877 23721 3505 29014 13025 30398 26584 7144 29005 17741 4592 17044 23475 802 6307 18469 28477 2058 18074 5748 20725 32055 5966 5605 30520 12517 19483 15924 1896 19774 22423 9330 15330 30331 4897 10826 26160 5197 29373 12937 24959 19067 11039 32478 2387 25804 32261 6877 2169 14887 8394 30794 5182 19193 28984 8341 26590 7895 27807 8097 5183 9573 7459 3017 30687 7798 29018 20261 29451 19828 12823 5641 11347 31747 2688 1743 31034 4065 22119 9943 16178 14352 10967 4299 24775 30008 19692 24616 2842 327 2792 30202 30609 23130 11140 31463 30157 29920 26500 17006 20956 22780 8590 29553 27312 12076 20540 6641 3280 41 20080 1562 25934 11278 1512 7295 8441 23739 10258 31654 3027 30588 26913 6855 17606 20966 29024 17873 22930 11778 30918 6830 24330 16814 16587 27592 22912 19775 24699 11212 2430 1387 5833 18094 28855 21607 5925 3053 9020 13900 1105 3608 14579 13503 3440 7057 29510 17873 24928 13457 27416 4644 27721 8812 23293 26192 4982 5142 22954 21380 25444 25574 6314 17265 25625 27291 31571 867 1975 925 6649 2737 26449 9861 1377 88 16893 14814 24184 17379 29227 813 5701 32142 19765 22576 27165 31146 8503 30052 28694 21315 17696 7625 18366 12801 28425 26601 17164 8012 17606 23575 7062 14003 23227 18421 2053 13711 5361 27449 17862 11747 7786 25008 27395 24711 27313 28291 5330 646 30132 3257 17836 29124 13782 26877 2080 7396 29761 10401 10696 8808 32633 8676 8829 27418 27703 26992 31687 17323 22644 22823 19607 14747 25796 29727 7481 16216 22501 19435 18308 23466 8344 19229 10068 26702 10671 2312 12090 9186 13416 2763 13681 6913 11513 5515 3348 11438 11628 30207 16271 11766 8877 24882 31316 28881 18402 21124 1231 12874 27642 2802 21147 13279 13705 5528 1526 1067 22739 30068 30322 15042 29734 24685 4078 11101 1646 11156 7621 21559 13315 19625 22085 2998 19909 5345 14947 12622 20075 2278 7596 26019 16920 31264 27263 3565 19503 17715 30330 9889 16233 22985 31538 10574 31781 28561 1831 2500 2303 3208 31479 3708 6563 16503 26321 2100 30692 14780 23597 11482 776 5966 1978 6571 14694 7164 10136 16540 52 9973 12744 17657 7578 5517 16097 2892 6410 29246 3332 128 30164 5357 12049 23622 31733 6255 15387 25272 816 18764 4890 26940 29793 29123 1760 8876 29965 9998 1615 30388 28989 31719 5320 26747 30605 15434 9958 20613 7040 5757 14189 28120 21014 21838 10365 4701 31905 3996 17676 28298 5588 28952 30355 16446 13597 77 774 26860 23605 1502 26378 12028 17141 30991 8291 11886 5483 5511 31915 15553 22573 32341 16458 17427 26349 4656 14754 22921 16718 21763 5258 4849 6646 4777 510 24486 23524 7924 2068 26804 6660 22261 3634 15421 7425 18295 31103 18460 859 7373 28055 26567 10169 16334 1411 2426 16768 17437 6376 11922 29604 2990 24958 19255 15807 17285 5316 18749 864 7617 17907 12876 7589 27866 9264 17727 11020 1063 26885 31435 4486 419 2834 15713 26317 25840 2304 22613 13048 6044 24759 25151 16717 19108 1745 9890 29526 19766 29262 21195 18999 16571 4233 27132 6718 19989 13674 17610 7356 16421 23518 8132 21523 10129 19076 32085 30225 27588 28842 24300 20604 27958 3959 6489 23534 7405 873 18555 28899 11588 16899 9752 21265 16363 24511 18444 1784 13615 12874 2470 9657 123 25328 9295 9003 9759 1365 15212 14892 18001 1639 24454 29493 22897 1936 19624 31026 402 31280 26633 12432 5429 3914 16619 17559 18263 20350 6339 7930 4271 28471 13978 32172 15921 13093 2483 6902 18646 30958 24430 7111 23199 14368 12396 14411 9432 3947 18676 21182 27546 12813 20630 28803 27283 18829 29966 18800 30473 8108 15467 24941 797 9369 17008 24637 26189 9572 25914 7067 3901 18101 9507 1929 695 6078 15335 229 19440 20846 12037 9789 16909 5607 24936 13028 18149 17459 26695 4165 25353 13362 10058 4472 25346 28375 30702 3347 23001 13972 24618 18755 11485 29715 7251 28187 3232 23335 61 29227 32579 23554 29603 13653 24563 13480 3528 15836 30644 13988 5215 19390 4957 5369 25000 13892 15076 20059 30173 18391 28124 1951 14284 3093 2364 27249 10437 17444 14946 23621 4022 30022 9048 8592 24469 17838 5205 16695 23806 7059 32391 15431 18206 12930 1039 28136 1999 6904 18766 10124 12036 22576 27487 23916 15720 4154 16356 30517 578 589 16902 6398 4252 14174 20663 30846 4004 8433 8762 4732 27218 6704 4326 21638 8779 32570 9511 3814 18950 20157 197 17106 27181 2503 3945 8419 22086 17881 8285 19401 13458 9534 19859 13116 15669 10650 21481 6965 29848 5318 16555 9055 25868 19419 6233 25288 7088 28813 23211 27613 27796 9403 2003 19605 16926 11331 2818 24300 31661 24859 11821 32147 8061 11678 31505 28902 25547 291 11637 10270 21305 29396 6831 4808 4211 1726 12905 11894 
20 824 515
49 870 186
92 821 143
43 818 696
80 880 405
34 811 434
90 832 272
14 879 815
87 892 153
20 860 625
46 834 414
91 800 462
93 828 82
87 895 111
55 884 347
44 892 26
64 857 551
35 868 568
69 894 258
94 872 764
44 806 167
18 842 357
78 890 293
84 802 614
80 822 416
8 875 645
90 873 463
16 808 473
26 889 135
43 848 619
75 835 148
93 807 246
26 890 280
81 819 298
2 888 565
78 836 19
86 829 484
45 832 579
16 838 479
77 804 620
65 865 668
74 827 31
29 889 381
20 894 38
62 863 12
17 885 537
38 816 732
88 829 181
14 820 675
5 886 709
96 841 288
24 820 288
88 843 426
94 833 165
23 879 792
9 886 701
88 899 536
14 892 351
5 863 171
66 802 677
87 804 274
49 814 707
68 889 711
2 835 89
2 880 259
99 859 176
17 868 335
63 899 620
74 813 344
24 827 499
23 844 183
54 813 337
38 888 454
62 818 694
90 867 731
85 875 135
5 867 616
13 810 4
84 826 112
92 886 682
46 823 717
75 850 719
85 893 516
27 881 397
1 872 164
14 874 264
25 888 333
47 827 590
96 838 566
51 814 49
30 836 493
80 876 101
62 852 522
48 840 100
87 850 585
22 890 513
75 882 710
33 837 363
21 890 145
23 880 256
45 832 178
62 836 681
57 807 493
24 844 127
62 876 730
89 837 355
73 809 294
26 808 774
2 869 121
6 883 263
54 831 527
19 877 45
46 846 620
94 828 65
46 851 392
65 883 729
21 819 536
61 828 444
6 895 280
22 861 534
35 855 588
90 845 271
22 893 571
14 834 768
52 841 116
45 881 174
52 865 57
81 867 521
94 828 502
47 873 367
58 861 655
52 863 586
5 878 719
32 877 424
15 854 330
22 827 197
10 883 525
86 889 165
52 806 289
18 801 747
74 852 703
44 803 643
95 807 593
89 879 84
56 841 609
42 856 543
56 898 425
5 800 780
54 874 289
99 843 353
99 869 588
83 884 61
21 874 14
28 859 45
1 849 66
67 856 163
59 867 369
63 882 98
63 843 96
64 860 107
94 859 172
2 851 625
99 806 531
92 843 485
97 867 112
90 832 370
69 807 692
10 859 659
8 804 102
22 816 498
26 836 243
15 838 602
76 823 429
57 822 699
26 897 315
81 864 264
72 864 32
94 807 411
19 866 151
86 819 570
80 812 105
74 824 181
15 821 411
100 887 315
59 895 221
100 834 455
83 805 456
13 898 61
25 819 347
39 869 373
63 895 283
41 851 230
59 817 22
62 832 733
46 833 527
18 894 564
97 803 52
3 861 139
2 855 785
39 860 470
71 807 175
60 833 18
90 852 605
76 819 554
32 820 287
90 812 539
82 877 613
33 832 307
5 851 310
31 856 153
31 805 488
58 831 684
9 868 352
80 894 334
80 853 298
6 855 558
3 822 401
2 818 624
8 872 57
63 831 48
94 839 115
93 892 169
41 830 727
13 857 828
33 823 532
86 875 360
61 897 165
50 802 437
90 850 241
27 846 118
80 820 728
49 881 408
64 801 168
33 885 519
1 828 570
1 815 307
38 830 274
38 866 203
72 892 198
4 842 773
91 807 471
29 815 735
51 877 261
12 813 546
59 836 718
29 861 616
60 869 326
86 836 156
31 867 381
68 893 170
16 851 513
37 805 677
77 896 427
60 887 695
97 823 606
69 818 276
9 838 362
98 845 566
33 803 653
47 828 692
59 897 365
32 825 677
73 822 509
8 832 272
41 868 704
37 862 629
43 852 596
31 883 584
59 833 218
10 895 574
20 814 309
46 820 639
82 878 540
63 800 450
69 894 401
76 817 103
49 895 613
14 890 19
36 842 373
19 874 74
39 850 151
24 881 271
2 886 562
32 842 452
26 887 567
92 840 22
43 815 279
88 838 266
66 828 663
60 873 350
14 870 335
43 848 254
25 886 209
31 853 56
34 813 82
4 887 383
41 865 408
99 815 197
96 860 528
12 855 336
63 801 678
33 831 237
26 882 685
99 880 777
87 822 578
73 896 637
31 885 585
54 807 696
4 821 12
11 859 158
64 804 129
72 837 476
10 867 518
98 806 699
63 836 774
46 847 707
57 822 264
55 861 86
3 810 546
73 849 464
72 803 422
94 831 283
83 835 582
45 881 111
46 855 487
95 807 602
95 843 710
85 847 522
88 856 516
16 804 15
67 871 281
1 871 130
52 898 318
13 859 620
69 837 725
96 803 139
65 897 826
100 891 248
82 894 740
90 822 142
47 878 201
75 843 598
48 890 672
71 856 313
12 851 328
87 858 318
51 814 224
88 804 507
63 815 8
98 878 586
8 815 550
18 810 557
48 877 59
56 891 488
50 817 521
1 825 456
84 826 183
2 814 533
27 867 441
88 808 406
31 882 641
47 858 399
25 853 583
58 823 481
4 840 624
42 881 96
39 882 223
59 829 244
28 841 774
16 875 732
62 880 5
4 852 144
42 818 236
82 891 282
68 801 491
99 860 248
1 876 387
15 835 329
18 811 320
42 804 705
35 892 385
20 837 82
8 898 695
42 874 338
97 808 701
67 898 45
81 849 296
67 822 536
35 853 350
52 822 514
88 831 309
7 825 513
1 885 234
85 840 331
35 823 33
56 806 289
26 839 483
25 860 779
38 886 769
1 893 39
77 897 355
60 878 261
2 851 687
52 827 756
21 821 172
86 849 538
15 836 79
27 838 358
86 860 730
41 836 67
7 836 643
33 820 608
1 811 438
34 840 359
25 865 383
84 893 362
47 859 314
50 895 839
9 814 236
72 825 544
65 806 312
26 867 363
4 884 512
27 820 312
14 887 139
53 818 427
87 849 29
69 866 550
66 895 353
50 801 16
79 821 309
26 825 350
30 848 145
69 863 26
32 801 624
70 824 113
53 855 603
92 844 322
26 892 332
57 835 161
62 857 83
21 866 504
92 812 58
55 837 245
93 851 10
35 842 246
60 881 273
14 875 268
78 897 427
90 866 359
26 845 90
86 834 479
80 851 430
52 838 213
88 873 761
61 871 80
79 878 322
76 897 277
1 842 415
82 893 472
9 800 93
20 870 843
54 886 695
63 883 335
62 852 238
10 899 374
6 831 463
30 894 644
9 849 476
87 857 492
85 864 555
40 898 295
77 801 30
49 859 81
39 880 669
14 881 559
48 879 682
37 848 343
96 817 296
19 828 772
55 872 86
7 896 722
19 822 588
86 825 516
19 811 484
73 874 536
92 810 550
71 887 657
51 896 323
78 816 331
95 803 98
88 820 127
74 835 486
56 818 161
30 813 364
30 820 346
94 808 647
20 820 698
9 800 538
80 807 720
66 817 385
73 854 404
16 885 46
24 834 292
32 858 661
10 862 198
45 860 96
88 856 156
70 893 692
96 853 150
23 803 196
15 851 611
30 867 553
16 876 843
2 840 681
56 817 752
27 862 357
17 804 635
16 877 274
51 872 49
74 879 559
10 819 753
7 843 233
18 890 685
18 838 684
25 882 553
57 872 629
69 816 213
76 820 115
99 868 570
89 878 12
9 837 651
98 800 203
2 825 179
91 815 135
9 806 539
82 878 337
27 884 364
66 823 106
31 884 641
65 808 611
94 837 291
11 839 477
70 837 591
41 874 756
70 894 652
53 880 717
89 847 483
79 876 782
94 874 346
36 816 425
79 890 269
17 877 654
96 887 702
47 891 188
11 829 373
99 806 449
12 817 248
25 824 782
47 815 51
71 836 503
46 887 812
17 817 575
43 810 611
23 899 839
39 878 507
25 813 25
23 847 536
67 876 149
18 875 315
53 889 784
2 891 693
79 868 50
84 832 312
9 822 13
48 847 710
46 893 846
16 814 104
41 801 594
83 891 120
95 845 212
61 854 232
7 803 391
65 832 27
59 881 527
54 803 184
77 890 442
81 871 598
15 828 234
49 899 63
7 836 356
87 820 54
64 876 354
25 824 645
31 854 69
88 888 206
25 832 658
4 871 339
47 840 133
51 845 500
15 880 451
3 818 175
88 860 678
32 819 142
27 869 484
44 891 375
77 816 111
2 894 214
92 832 636
35 801 556
2 816 79
12 805 368
59 821 359
61 896 543
62 847 517
100 888 507
40 851 397
69 819 139
57 801 271
15 829 427
30 846 477
51 892 550
83 833 434
71 828 46
26 832 712
69 859 591
93 841 88
18 852 34
22 849 420
24 886 61
30 819 327
99 852 621
7 890 139
67 869 14
77 885 283
67 886 187
58 835 636
62 821 30
51 816 320
74 861 537
75 839 229
43 823 750
28 880 402
22 889 694
28 844 514
80 806 38
81 891 492
39 804 402
16 859 825
60 859 104
45 832 38
9 827 75
14 830 44
50 813 220
81 882 272
2 804 108
17 808 113
6 848 692
28 809 456
87 857 659
8 885 398
16 855 620
55 843 427
64 879 260
10 813 267
94 853 133
25 867 458
18 889 164
94 814 338
10 815 549
47 850 622
29 855 718
80 835 288
83 882 402
74 870 243
35 823 495
61 846 720
58 846 718
52 872 46
28 861 478
32 849 473
41 848 8
92 874 272
62 833 389
5 803 789
91 897 635
72 873 521
12 898 99
77 813 216
99 812 318
56 875 386
50 805 128
74 899 88
75 832 133
85 899 573
38 804 203
77 831 664
31 829 525
28 820 38
9 835 589
57 843 684
75 883 131
92 844 330
28 843 770
46 882 365
99 888 650
94 842 148
78 894 699
51 851 440
48 828 741
74 866 139
98 827 400
15 873 8
28 849 264
73 867 180
88 831 690
46 817 353
70 864 554
38 834 93
16 894 308
75 893 166
41 810 247
25 870 533
38 842 50
53 813 6
46 823 554
27 844 492
34 861 374
15 832 355
63 861 387
77 840 36
36 878 614
43 816 449
93 891 76
91 892 149
49 858 186
94 817 487
72 816 191
30 803 297
54 875 16
64 840 473
22 850 709
29 840 455
9 837 159
86 823 383
70 863 495
29 801 703
66 876 768
14 843 320
98 859 600
41 822 89
96 838 217
26 841 752
28 838 801
11 807 12
61 825 217
76 866 384
56 856 794
32 866 525
54 847 380
48 846 78
33 886 299
30 876 167
3 816 448
79 818 485
53 827 30
96 818 701
2 856 415
70 817 140
74 882 286
23 874 689
73 842 725
2 847 435
95 866 739
7 835 475
77 821 215
44 899 690
79 821 252
96 877 227
89 805 29
24 847 464
36 809 681
86 897 100
84 836 381
66 854 298
15 860 309
85 817 333
62 890 77
79 858 579
50 873 703
97 848 128
60 822 145
92 842 313
90 803 84
33 824 192
86 890 659
33 894 554
19 825 38
35 811 633
45 893 714
4 832 62
16 835 536
40 890 545
86 823 278
37 801 599
72 883 321
41 818 288
6 865 608
13 873 124
34 831 4
2 886 649
19 870 20
28 884 819
92 894 380
24 846 5
70 853 258
20 802 672
94 813 66
44 877 214
97 817 206
3 845 341
52 876 735
62 878 508
3 805 181
12 864 593
77 888 63
63 859 195
37 856 121
73 842 322
42 847 293
12 894 473
100 849 12
12 888 427
71 830 413
47 840 770
81 850 667
76 855 109
32 858 22
47 890 283
96 822 400
69 830 427
79 833 353
6 862 631
29 827 42
47 898 570
57 819 607
85 826 522
71 821 561
31 831 43
22 869 806
52 847 615
58 897 445
22 807 203
69 816 661
79 842 174
58 846 165
59 865 501
39 817 499
92 877 77
17 846 689
40 888 809
23 868 749
14 825 765
46 899 618
64 851 707
78 820 240
66 823 285
90 874 104
94 851 543
76 838 755
49 887 782
31 872 106
41 820 6
92 840 467
57 889 28
99 816 116
3 825 341
3 803 249
7 893 845
59 896 627
95 860 222
91 866 507
61 838 367
49 868 640
51 884 223
25 866 186
79 885 477
27 819 325
73 835 123
20 803 220
20 888 855
56 835 578
9 810 39
41 889 257
35 853 156
82 816 488
50 859 708
42 867 394
19 824 774
21 852 516
10 855 363
52 819 143
82 840 678
60 887 108
44 808 139
14 899 232
8 836 132
82 884 269
26 893 87
23 886 860
11 829 618
30 830 672
29 880 721
84 818 403
22 807 129
78 844 626
3 836 304
26 849 475
40 862 317
97 865 50
47 839 439
59 829 120
75 814 648
27 813 110
24 850 666
93 857 742
17 868 220
34 832 243
14 859 574
35 833 453
16 810 574
50 889 265
69 858 219
23 822 277
64 813 159
49 802 603
46 863 402
88 894 151
60 883 60
36 828 56
80 850 193
85 897 155
58 857 310
73 834 58
100 829 389
58 872 142
81 861 393
61 818 544
100 815 336
25 845 637
12 815 25
84 848 254
24 886 57
33 880 393
44 863 336
47 846 361
69 834 473
26 812 730
13 854 140
85 875 601
82 838 562
60 886 20
1 862 861
66 898 652
29 839 479
33 849 512
49 840 262
24 882 830
4 827 174
20 814 758
56 897 253
30 884 314
96 841 716
12 883 466
89 827 691
98 886 90
100 846 245
64 845 274
76 825 215
22 894 567
93 865 593
29 850 705
28 828 106
24 864 82
4 854 615
13 879 590
80 892 771
66 879 804
29 884 491
69 843 90
50 826 397
7 833 175
72 826 114
18 856 324
12 812 50
95 842 88
78 840 589
79 894 469
78 882 271
3 819 291
